067001821X
038560310X
1563890356
385340559
394541553
525467564
812971060
192840509
192802631
689845367
743225422
072325804X
553258478
076531178X
1406914835
6551815
743294297
684853949
307277674
385339151
1841497126
1565125606
61245089
375508333
413757102
312936222
307931889
1577314808
316155608
140544518
141439742
553804677
451229851
375706771
142437336
451205766
812577566
765346524
373210183
394800168
1401308589
1401207928
1594633118
552154180
312364083
031606792X
60735414
316154695
345373944
836218051
312330871
805094601
075640407X
60012382
152047379
1594489580
446692638
375869026
988393506
1595148035
1594747350
552154164
385495226
61726834
1439102759
1881273156
446547654
316033677
316010707
61020702
64440206
62430874
812993292
374203059
224081187
140621679
743289684
440238609
1891830430
451219945
752858491
152061548
142406252
965476022
747263744
449213447
60935472
679805273
7205236
743226720
60987103
146000110
545265355
394758285
1416524517
770430074
553296124
451233166
1573225789
330491237
143036556
385742886
380018179
61092193
142401110
440226708
080508049X
99481685
752864327
141439807
679731148
039925675X
380727501
743246071
552153257
62124269
385537131
671746723
743496310
312362080
141439653
425200450
553208845
393327345
037571457X
375725784
141014083
1554681723
670021873
99285045
1416523715
451222725
743496744
316015849
425184226
440221668
385340397
375814248
553288202
1594206279
61974587
61120081
552995878
1781162646
385343663
575096578
055215430X
141001828
145161747X
99498596
786817879
446698873
60577312
006112429X
045146091X
62414216
345435168
159514319X
316057770
486424545
316068047
141439599
307276902
802132758
525952926
1451629184
60566221
385349947
385351399
014131088X
60530928
330419641
553381660
60529709
767900383
055357342X
62014536
375702709
64410137
1844080382
312367481
345350685
553293389
1476712980
515130974
312642970
752865331
812551494
765305119
1416543007
1416524290
1406311529
142437808
1416914307
307265749
312349486
553803700
375706674
014100018X
61015733
307269981
1416524347
310276993
1903436575
142437204
553804685
385721676
618084746
312965788
045057458X
1423146727
786868724
044101819X
307277887
765326264
375414495
99285444
671250671
312642962
006083756X
670018864
765304740
743477103
525422943
439488400
375708111
1416534733
451450523
446617792
450417395
385536976
60987510
1400067685
60541830
765350378
439023513
385528043
312857063
440236703
61147931
441627404
312348673
1857988094
380729407
385480016
60589469
1301347949
64408671
486282228
385335997
198320272
140501827
1607066017
60853980
545259088
1400067553
385733585
646418432
006057299X
380821214
805072454
375825444
553381547
312360304
747532036
340818670
6480098
99297701
689875347
1439102767
805066691
446672211
679720219
553805487
1616149981
752863886
312305060
441015271
345538374
679722769
143034901
61974552
312554168
031242227X
2266079999
425263908
1420925539
385535144
965818675
679735771
1594631573
439554004
385720920
356500152
786849568
038039586X
393312836
446614831
316184136
805090037
689829531
307959856
804179034
385733410
670674249
312383282
451191013
141301066
64404773
142001430
1406321346
521618746
044024191X
6486010
3426615355
803736991
1609450787
61139378
380789027
038549081X
385486804
034541005X
1480095532
1878424505
679785892
192835084
552154229
64410129
1416928170
930289234
316038393
014303961X
345528670
067084487X
2226131906
1416914633
446350982
670018708
451197968
810993139
91883768
670020559
045146317X
1620610116
440241812
345434803
451458125
140285679
307408841
441012183
2266047426
140436588
582418275
345391802
446612707
307279464
8497597729
307271080
1423140567
394820371
743296435
451188454
812968069
316010669
345457374
385729332
743477561
1409151174
60887303
312641893
1416552510
684830493
312976275
192840398
765348780
448405202
452287588
553380958
679734775
345335457
553496646
679781498
316206873
842342702
670021040
141311371
575058080
1884365302
61142026
689848919
143037617
804139024
751529818
439321603
446563080
307341542
394800206
385333137
067102423X
1627792120
440416795
99244721
192833596
836204387
1400032822
1439192561
141439637
345544927
1416500189
553582461
446698466
553116606
385534639
1573226521
039515023X
679740678
679729771
316322407
99437961
671021001
60838582
1594201455
142401773
812504690
1400033411
141650964X
786838922
143145541
1907411054
99399016
385342020
1405206128
99556316
374214913
486266893
62049801
60510862
345419626
096319254X
345368584
1423100034
613371658
812551478
62409859
449213943
1439138311
312370830
385729367
446696129
441014739
446611212
312291639
307237699
374105235
374480095
440243750
515128635
081299860X
767919386
812967127
330448447
439321611
451191153
142408808
1451661509
142402516
451528018
62285688
006441034X
316126691
140439447
345803507
62310666
142000671
739303406
014044789X
1595141979
593053893
553213695
1857231589
64400565
380813815
61150142
451210859
765326353
385339666
1423140575
967686563
618711651
1937044963
451459873
802139256
375806814
802140181
743418719
440235596
553381342
375727345
1501132938
486452433
380002558
679746048
2020336464
1582701709
1619630621
61147958
62041266
7524277
451196716
446675539
689878575
441014348
184243022X
60921145
689862202
62059998
446612545
385333846
316767727
345539842
590319671
1585424331
156389341X
61474096
553278223
689832133
1451648537
014034893X
679644199
60515228
316078573
802142842
751514624
451219422
385491026
553381679
340837942
385339690
446579807
156389226X
679879242
61922315
140006788X
7174160
552562521
068484477X
99471434
141439580
451457994
765376458
575075066
451528824
143123238
446402397
385523386
743272501
142000663
015206396X
307346609
689707495
62107062
140679239X
61662690
743482832
014240165X
451464400
1617750255
618346260
316346624
1455520659
751504572
141439475
399162097
312304358
140424393
1620610094
812550706
156012197
743477545
143039563
1595141715
330371231
61020672
1841493007
525950125
312349513
441016154
1713221
440339340
553296981
375836675
1400067693
067976402X
156001314
812976142
451222350
593065700
375508325
60529962
62065246
983212546
61020680
055255264X
1595141758
64431436
440800463
385739141
140169300
1439177724
385738757
441172695
743272498
451216954
143037749
142437344
1934781630
60288140
62200577
375840400
1842430351
312181108
747560595
61007226
743477154
312642989
439023483
1619634449
6480101
425201449
1594480001
1595143181
006621131X
224064908
525426582
385743580
316921173
679879250
1439152802
375714839
767905180
307263991
552154288
312966091
439785960
689849109
670026603
1484724917
141439831
61969559
340606517
159463176X
60256656
713998946
99549344
803734735
399256776
618680004
345504968
684823780
1400067111
345494997
743270754
778316556
142421715
399244557
452286530
141439661
60572965
140449264
1416914293
140439072
316056634
312864590
375507779
60590270
316123528
044101769X
552152978
1416589643
425144372
316084239
62300547
543898083
670025593
385738773
553256696
61992259
752224417
385339089
000712774X
1841493015
441017150
380714752
345300785
575077026
1423140605
684853159
807508527
312422156
385721420
586008357
60502932
1841156736
440401585
425197549
439227143
446608815
64441555
1423108361
1846558913
802130208
1101946342
670175919
451218590
307886263
1594487014
446690457
1400032717
525951989
1416971734
425205819
1400078776
61448761
61928127
142001805
60515198
618260307
446671002
743269519
451528921
1442409053
1612130291
1563899426
043977134X
068480154X
451194004
143038109
1594488398
385743564
380709244
525951652
689862229
64400581
1595141987
1582349908
385074077
340839937
140042520
1416524355
670032565
031601477X
051722285X
60852550
439366771
7119550
385353308
385539258
385732554
439861365
1416989439
778324338
743418735
345522478
015603297X
61122416
451529758
767903862
156031663
312423799
676979343
375508414
765342405
038572179X
553213172
067001110X
142404128
140047484
395401461
440439884
078670621X
1593082045
345465083
451155750
689865406
140255559
385732538
312983867
451524934
553213970
006223742X
152058109
067001088X
525425632
395169615
425204669
142311339X
345418778
440234743
552135399
039480001X
451529170
743455967
144477851X
385517238
670024783
312861877
679728759
451464397
1921351438
439358078
451528557
1580495869
055215315X
739465511
1101875046
057506689X
525950079
446696633
804138141
99910101
385722206
822210894
014038572X
765354942
316952664
441007317
038531258X
446615625
753454947
743477553
446677388
61122092
552152943
767902890
1416586288
575090855
756410436
553375938
1594485755
316098337
452287022
375713344
99471426
076790818X
316143472
316204277
316206849
60786507
439709105
679732268
1599906953
440241014
440241901
1842430343
143035479
385517874
043965548X
425172902
1405258217
60775823
014043769X
141318309
1595143971
812565959
316191299
553384287
1476754454
525478817
393978893
553565699
765330423
1594561869
345504984
373210493
345439104
61020613
385515049
006074815X
345527712
199291152
60586133
399151575
61374229
805080481
307932230
1444729705
000100039X
679732764
575077883
316160202
771068719
446528056
765326361
375759239
743278909
785819118
618062416
723247706
312379838
452277752
439206472
297859382
375831002
553266306
553803727
1423101464
439064864
684833395
743223136
553279378
517189607
345505336
451528956
670026611
425134350
006222543X
1857993284
753453800
393050327
99303744
1595406557
1416528636
385474547
451528352
60393491
812474945
553803719
316228532
64471837
61161640
316349933
142437263
1301949825
439813786
7442912
068983568X
1442426675
375726403
1932664084
545424925
345350499
142000698
7202326
765348276
805047905
60899220
60890681
553213873
140424385
345335708
446579920
224094157
765325942
747267634
451188462
831727527
64410145
60513039
1420925431
525457585
739326228
451933028
553381644
7149824
1439148503
375703861
152802177
141693586X
786818611
307348245
1490904387
385339704
61583251
192123092
61234001
345335651
446693804
486290727
441014895
553383043
60852577
031612558X
385523238
312995059
142501557
345404475
1561797464
743289412
1841492612
385517831
450040186
385339593
1595143173
399159347
1451681739
425192032
241003008
786838655
192750968
552151696
61148512
679800034
441015662
743275012
679457313
1590385810
307592731
7148984
1250077001
1594487367
316075558
425193799
1416584080
1416562591
446547565
140620613
451459407
60747226
440241022
033041836X
1593082649
192750976
316001929
61020656
739380338
811214044
074348276X
440184622
385340583
345443284
393970124
451167805
1594633665
143036661
1590860624
61257095
743493915
143036378
385339658
045052468X
316204366
413771164
1932416641
450542882
446612731
440174643
1416989412
385334141
99408392
385338708
307341569
552152951
7173687
140283307
64407683
486298574
385516487
739467352
743296419
385504225
670061050
1416914285
61031321
140006208X
689865384
014240120X
60513063
141382899
385341679
440241006
1840224029
525444440
785121447
446364800
751504386
60885416
425227510
034552554X
345915593
054522490X
375822747
1401322786
076072850X
1400069289
765316897
60278250
1401323251
1857232097
439771277
62255657
312985347
316055433
000720230X
446364495
143038419
60885432
786836547
743246985
571171788
307408868
1616203218
142000655
375757856
60590165
312330863
1622660757
385199570
747599874
446696137
224085611
385731051
076790382X
394298667
345468643
765325950
450042685
141439734
385720106
385751060
61558230
1455561789
014200068X
1595143068
553564943
441013333
1844082938
449912558
441569595
440242940
385732562
743291476
3442723434
618101365
575070706
1476789630
689865392
312360266
66620996
142437239
525476881
670024856
140439242
081299499X
1581345283
1439199353
670023485
1563892251
1416524525
044101268X
525421033
64405044
316077054
553816713
618640150
307352145
156512569X
156865054X
1423121309
395389496
451458923
691096120
074348486X
525953094
393328627
1405910216
1406310255
452282829
441014941
143035746
688120490
515141429
439023491
375856110
743482751
802122558
316779423
452284244
1416968237
61051586
689878362
64410153
1563890933
1860498809
385333471
374529531
452284694
743454553
385344430
62306812
393324818
140003065X
031232118X
60512806
1905654944
142437247
99446782
849900417
743496728
451190750
679736379
1401303277
312948557
446611085
014241493X
330419129
142406635
307265439
6498523
60878061
081297235X
786226749
375822070
62024035
385340540
316013684
553328255
679745580
62059963
670038601
316926345
689878583
1592402038
345459407
140283331
399254129
756404738
316601950
937832383
606298231
804137250
1400063973
964729237
425143325
451159535
446572993
345418921
439236193
739377728
1594481938
074347757X
786915749
590133373
038533916X
312349491
1582346186
670011940
618164413
61124265
679436545
440241898
1250069793
312364121
1416951172
345347951
60764899
074324754X
316769177
006112527X
1400068320
349113912
670026638
441008534
074326195X
067002581X
340829788
059044297X
517092913
553588265
553804693
044669651X
802131786
1565125967
679776818
142437174
1416975888
159420571X
045146379X
440995779
375751513
141321318
441013813
553804804
140434747
1400032814
440241413
786838930
385339100
805094598
345419634
1400052173
60764902
385342063
553582453
316166685
446579939
7173040
60541814
812992792
1620610078
446580503
575079797
743253973
067168390X
140003342X
1416500340
451200810
684818701
671027344
452287065
553375407
1442426640
1401207529
1862301387
006075995X
451171357
399167064
765302306
1595142509
743482778
038073186X
61950726
930289455
143036696
1405204265
385739168
385323069
679889108
1599900734
545123267
393316041
399154094
1563899809
145162137X
590452037
1439153663
446676438
141439602
679433139
446359408
385335970
60889578
1400049628
006091307X
345403959
1442416866
385542364
1250049555
671027387
393324826
385337930
451207149
1416524304
031286504X
1402726023
525423664
1597801577
385339607
1416912045
743457900
7158505
449911659
785263705
618391118
60987529
1593083254
345521307
739352350
345418263
316769029
743273567
451461894
375705856
553380168
345534182
679783261
399256768
689818769
425201376
60929871
307275558
1400068932
61173398
345348109
872863107
140285601
057507681X
618485228
451412354
316017922
451528522
1841496863
439228905
009928264X
1400065674
192839993
446605484
64410935
142000701
763625299
312554192
803734964
553380966
60987561
920668372
786890754
385738935
1401308201
60855908
1416924981
385683421
055381706X
345476883
034547063X
312348649
60513098
553609416
078685197X
451208641
385341652
743477111
385341636
425169693
1400033837
1476727651
60584750
399162410
1903434777
64408639
385265700
345476875
751537284
078681859X
1101904224
037582913X
439272637
345298349
451457811
1842430246
043402080X
375826726
553213148
385343833
689878567
385344228
446696110
1453688935
525421580
812973011
151009988
441788386
385539703
62491792
158049580X
316182540
038553714X
312650248
786851473
1419701762
812968972
553588486
345469011
582416396
1400076196
61726818
014044906X
60855924
1841492051
517053616
451235843
425260933
1400031702
99578514
307266303
399155341
316155594
553380648
812513738
1476730105
61214655
836220889
1594489505
312980140
399159010
679745653
671742515
1400064163
451225856
316042676
452011876
61054887
076360013X
451527747
812550757
99771810
439139600
545010225
345484266
1423140591
312199430
1619630656
446585025
61662763
1573221112
786856866
1596912855
385339674
66238501
1922182109
812983602
316043133
073380084X
743418174
1481426303
440227534
1423113381
805095152
143037145
1400034779
307347974
385338600
1619636042
671685635
307592839
60589280
316074314
743454537
689840926
60245867
1400043468
345453743
545123283
525423273
62110837
743227441
373210132
1573225517
435233076
545424941
006197806X
8498000831
451461401
1857988841
60892994
345503805
812970063
067056172X
60872985
439244196
393322238
553582917
1501100130
385339097
552992097
689841582
684803356
031242440X
141651693X
553119222
590032496
450031063
451462564
385334206
441013406
393320979
670241334
1476729085
345539826
425263916
1612130585
345416260
671727796
446676071
575077905
60838655
811216012
1563892618
446696617
752898477
385737947
1841499889
1623420024
345418972
307021343
385755880
553381695
440421705
441005764
1416563687
60566213
205313426
1476770387
374275637
1594743347
031253275X
451461037
64410161
743211375
312577222
374533571
763616052
439206480
385528779
330449605
812517725
1250049377
61941026
1619636077
743298020
014144116X
743297334
743236017
1857231511
375757325
067973225X
1582406723
143038095
440238153
340640146
62060554
312364423
736693416
525423648
1892295490
141439610
340896965
156030306
451223292
451163966
61015725
159474758X
1594200823
744583276
553212281
525945563
812511816
345539788
143039091
751530484
140620192
670035386
140298479
193700788X
441018645
1416975861
1439102724
60885378
805063897
345339738
1476717486
452281253
446615862
1400078431
312938993
439554934
1594634475
441328008
425263924
743495667
055358202X
765340054
159308143X
044654759X
374292795
312360282
1416521496
1936305623
1594831114
375507256
312353766
571225381
62059939
142001740
743470125
61120251
446613347
1579126251
141183535
525423281
1442403543
679735909
375408266
7423292
7157150
1476738017
689878559
670022691
451527887
452286034
030734813X
451530179
595440096
553213296
751532711
316176486
385494785
60739495
441783589
61996165
451169514
61120065
552152676
312323867
374158460
1444705105
743464117
1442408928
385537859
425205673
015204566X
146109111X
1400064562
312966970
375826696
8424133498
679751521
385339682
031237982X
60838728
7230206
375760377
61020664
316777730
689711735
425181103
751565350
312270828
140447571
042510687X
765316994
054762834X
812993543
385340990
515133310
1905654588
385338694
141043768
385342306
074349671X
067976397X
60574216
61020648
812550285
679744398
2253147699
393072231
590920685
61120073
62268341
451529308
345452003
802798233
553214322
374500010
803734611
380508567
451526759
143038257
140042598
545044251
1576469239
441016383
593057058
6280560
812550293
441015891
142403881
052595127X
60557818
312986343
618346252
078684907X
91940737
553283685
192076920X
156007754
60652896
316033650
765340747
743466527
385737424
60959037
1423157370
345418905
1579126278
425266745
385333501
770437850
965904830
441104029
316175676
451458443
1439164630
440498058
142437018
1400063736
670022411
553588257
61245097
140286276
439295785
64400026